[gd_scene load_steps=11 format=2]

[ext_resource path="res://Scenes/Vehicles/Base/Base.tscn" type="PackedScene" id=1]
[ext_resource path="res://Scripts/Vehicles/Helicopter.gd" type="Script" id=2]
[ext_resource path="res://Assets/Vehicles/Helicopter.dae" type="PackedScene" id=3]
[ext_resource path="res://Assets/2D/RotationArrow.svg" type="Texture" id=4]
[ext_resource path="res://Assets/2D/RotationCircle.svg" type="Texture" id=5]
[ext_resource path="res://Assets/Sounds/HelicopterEngineLoop.wav" type="AudioStream" id=6]

[sub_resource type="ConvexPolygonShape" id=1]
points = PoolVector3Array( 1.5, 0.0998884, 1.49941, 0.923845, 1.88267, 1.49941, 0, 1.24987, 3, 1.5, 0, 1.49941, 1.5, 0.0998884, -1.50039, 0.831343, 2.05532, 1.49941, 0.923845, 1.88267, -1.50039, 0.706832, 2.20693, 1.49941, 0.555305, 2.33141, 1.49941, 0.382635, 2.42369, 1.49941, 0.194988, 2.48073, 1.49941, 0.0998434, 2.5, 1.49941, -0.100137, 2.5, 1.49941, -0.195282, 2.48073, 1.49941, -0.382929, 2.42369, 1.49941, -0.555599, 2.33141, 1.49941, -0.707126, 2.20693, 1.49941, -0.831637, 2.05532, 1.49941, -0.924139, 1.88267, 1.49941, -1.5, 0.0998884, 1.49941, -1.5, 0, 1.49941, 1.5, 0, -1.50039, 0.0998434, 2.39986, -4, 0.831343, 2.05532, -1.50039, 0.706832, 2.20693, -1.50039, 0.555305, 2.33141, -1.50039, 0.382635, 2.42369, -1.50039, 0.029953, 2.59, -0.000489473, 0.0293657, 2.59, 0.00567722, 0.0276037, 2.59, 0.0111589, 0.0246671, 2.59, 0.0166407, 0.0211433, 2.59, 0.020752, 0.0164448, 2.59, 0.0248628, 0.0114527, 2.59, 0.0276036, 0.00557947, 2.59, 0.0289741, 0, 2.59, 0.0296593, -0.00587308, 2.59, 0.0289741, -0.0117463, 2.59, 0.0276036, -0.0167384, 2.59, 0.0248628, -0.0214369, 2.59, 0.020752, -0.0249609, 2.59, 0.0166407, -0.0278974, 2.59, 0.0111589, -0.0296594, 2.59, 0.00567722, -0.0302466, 2.59, -0.000489473, -0.382929, 2.42369, -1.50039, -0.555599, 2.33141, -1.50039, -0.707126, 2.20693, -1.50039, -0.831637, 2.05532, -1.50039, -0.924139, 1.88267, -1.50039, -1.5, 0.0998884, -1.50039, -1.5, 0, -1.50039, 0.0998434, 1.39996, -4, 0.194988, 2.48073, -1.50039, -0.100137, 2.39986, -4, 0, 2.59, -0.0306382, 0.00557947, 2.59, -0.029953, 0.0114527, 2.59, -0.0278974, 0.0164448, 2.59, -0.0251565, 0.0211433, 2.59, -0.0217307, 0.0246671, 2.59, -0.0169342, 0.0276037, 2.59, -0.0121379, 0.0293657, 2.59, -0.00597095, -0.0296594, 2.59, -0.00597095, -0.195282, 2.48073, -1.50039, -0.100137, 1.39996, -4, -0.0278974, 2.59, -0.0121379, -0.0249609, 2.59, -0.0169342, -0.0214369, 2.59, -0.0217307, -0.0167384, 2.59, -0.0251565, -0.0117463, 2.59, -0.0278974, -0.00587308, 2.59, -0.029953 )

[sub_resource type="CylinderShape" id=7]
height = 0.01
radius = 2.5

[sub_resource type="Animation" id=5]
resource_name = "Left"
length = 0.4
loop = true
tracks/0/type = "value"
tracks/0/path = NodePath("VehicleBody/Helicopter/SteeringRotor:rotation_degrees")
tracks/0/interp = 1
tracks/0/loop_wrap = true
tracks/0/imported = false
tracks/0/enabled = true
tracks/0/keys = {
"times": PoolRealArray( 0, 0.4 ),
"transitions": PoolRealArray( 1, 1 ),
"update": 0,
"values": [ Vector3( 0, 0, 0 ), Vector3( 360, 0, 0 ) ]
}

[sub_resource type="Animation" id=6]
resource_name = "Right"
length = 0.4
loop = true
tracks/0/type = "value"
tracks/0/path = NodePath("VehicleBody/Helicopter/SteeringRotor:rotation_degrees")
tracks/0/interp = 1
tracks/0/loop_wrap = true
tracks/0/imported = false
tracks/0/enabled = true
tracks/0/keys = {
"times": PoolRealArray( 0, 0.4 ),
"transitions": PoolRealArray( 1, 1 ),
"update": 0,
"values": [ Vector3( 0, 0, 0 ), Vector3( -360, 0, 0 ) ]
}

[node name="Spatial" instance=ExtResource( 1 )]

[node name="VehicleBody" parent="." index="0"]
script = ExtResource( 2 )

[node name="Helicopter" parent="VehicleBody" index="0" instance=ExtResource( 3 )]

[node name="BodyCollisionShape" type="CollisionShape" parent="VehicleBody" index="1"]
shape = SubResource( 1 )

[node name="RotorCollisionShape" type="CollisionShape" parent="VehicleBody" index="2"]
transform = Transform( 1, 0, 0, 0, 1, 0, 0, 0, 1, 0, 2.605, 0 )
shape = SubResource( 7 )

[node name="AnimationPlayer" type="AnimationPlayer" parent="VehicleBody" index="3"]
root_node = NodePath("../..")
anims/Left = SubResource( 5 )
anims/Right = SubResource( 6 )

[node name="XRotation" type="TextureRect" parent="VehicleBody" index="4"]
anchor_left = 1.0
anchor_top = 1.0
anchor_right = 1.0
anchor_bottom = 1.0
margin_left = -100.0
margin_top = -100.0
texture = ExtResource( 5 )

[node name="Arrow" type="TextureRect" parent="VehicleBody/XRotation" index="0"]
anchor_left = 0.5
anchor_top = 0.5
anchor_right = 0.5
anchor_bottom = 0.5
margin_left = -50.0
margin_top = -50.0
margin_right = 50.0
margin_bottom = 50.0
rect_pivot_offset = Vector2( 50, 50 )
texture = ExtResource( 4 )

[node name="EngineSound" parent="VehicleBody" index="6"]
stream = ExtResource( 6 )

[node name="WindscreenCamera" parent="VehicleBody" index="8"]
transform = Transform( -1, -1.51808e-08, 8.60947e-08, 0, 0.984808, 0.173648, -8.74228e-08, 0.173648, -0.984808, 0, 2, 1.5 )

[node name="CenterCamera" parent="VehicleBody" index="9"]
transform = Transform( -1, 2.62201e-08, -1.48702e-07, 0, 0.984808, 0.173648, 1.50996e-07, 0.173648, -0.984808, 0, 3, -6 )

[node name="LeftCamera" parent="VehicleBody" index="10"]
transform = Transform( -0.939693, -0.0593912, 0.336824, 0, 0.984808, 0.173648, -0.34202, 0.163176, -0.925417, 6, 4, -7 )

[node name="RightCamera" parent="VehicleBody" index="11"]
transform = Transform( -0.939693, 0.0593912, -0.336824, 0, 0.984808, 0.173648, 0.34202, 0.163176, -0.925417, -6, 4, -7 )

[node name="PreviewCamera" parent="VehicleBody" index="13"]
transform = Transform( 0.707107, -0.241845, 0.664462, 0, 0.939693, 0.34202, -0.707107, -0.241845, 0.664462, 3, 2.25, 3 )

[editable path="VehicleBody/Helicopter"]
